3
1.5 1.7 3
-25.2 -40.1 4
30.7 44.4 5
3.1258387896330007 -9.23016051537164
14.15415964308231 -32.10702739065688
18.852471114244963 -6.870354848142497
-21.86029734091017 -49.57770010723484
1.7153754740912461 -5.208644544077682
-32.65009324000053 14.961885788667715
-0.8967064046916988 8.828847354383639
3.253739324904519 -23.384539835234715
-14.093364961083509 -7.055148845726311
33.02090254600248 -16.34607490600169
34.130910349717716 -36.481805412034745
-23.45614050984615 -36.38100510304001
-36.597292225309005 -2.4097797998411146
28.70773531252256 -8.7525925926025
-29.1077901723791 -30.851420930140254
-1.6186276407398568 -17.806793633463453
42.77527961779121 7.9696674050818785
-13.067498736125813 -0.71951755769265
21.527824979911443 -18.12401483854221
-17.493865332951753 -4.049159938660004
-20.234950039669176 -14.964923921165196
22.237901689408552 -0.7012883085491595
19.964732836227824 -8.545233176959073
15.352058126365698 -11.15030718276779
-31.463589270194 11.321156529514084
-16.202004386909877 -41.77533654115219
-14.341611493796918 -26.552419557180915
-17.12708436673991 -1.8333923156027687
-28.11151859518037 33.670704705140274
-23.71041584686889 11.050673723504456
14.341358128077076 -3.9885242667975724
-30.760744192333593 -36.90803111664
-1.9228880892964035 40.0529837687068
-10.684230163318947 -18.869600692294295
-13.736365661526 -6.063525965399917
48.892182453079755 35.125508257532175
-2.2937854327064056 -1.8303562679233707
-2.4113157212051277 27.640275061923376
-16.305318836232416 -0.9735606816780198
-8.530583635299108 -11.684349846691752
-12.658669509619928 -0.9367235564414482
3.345563482077928 -11.95144977601774
0.19591239420975626 -9.270340262019474
-10.923867774172503 -25.507639800303902
-48.62296553326036 -31.416963074068175
-6.118835245958863 -24.997203231451955
1.3271414553399055 -10.098092791860022
45.25333072800459 19.61415352456171
38.16153262045281 40.51749271945938
29.255130833453592 9.824026843571193
-4.178407887051655 -0.3493459621506343
-22.449336358580247 34.977366740506895
-28.641745579200375 -21.767761954251426
-11.097421124831909 -30.062410744196704
-5.499359607799395 -21.793097199877646
-26.61368187372514 35.94521553695034
-5.137459537430061 -13.863179621010747
1.3605039882243763 -21.78533100249745
3.1031632055730114 20.50202515076477
-35.98362852530468 22.50879957747629
15.311488199678045 -19.696553551523554
39.80441585115679 22.322908992534085
-3.4738259998127425 -1.050341965936827
-5.003185262662502 -37.65957669221002
4.940835040625689 -14.376129986633881
-18.616248406459658 -13.970968676547722
23.204275964255068 35.04935739095282
-22.342871321156693 -12.653973033885602
40.19260784143486 6.969814061408982
-15.622518686519776 20.08924865106441
1.7089463510276275 34.84477232481082
-4.23263409406929 25.191542660452427
-38.00970600876198 -11.327944850007036
-0.13398870990699407 6.40291449707412
41.78526363844467 3.51014602885851
15.30562873623147 16.726758058001067
0.7209168052919068 -35.87107852597268
24.7224885138492 0.11966339370573031
1.962130038087004 14.970645618081821
-9.730663259897405 -15.276622376111636
-29.04581995423179 6.452153525214403
-30.23567968127461 -35.77193035678007
-15.255477091151441 6.18920238249278
-18.624975929949173 -25.55719667313987
-18.917686536700167 16.304384768796574
6.4014695353339235 28.435085475414738
-3.183104707892685 19.60594975833701
-32.2441037601114 -36.96213221438755
10.720295548392741 26.783807047546098
25.145966253826877 7.009589875763226
20.39148356353163 -5.991325428280341
15.657356864595869 -32.340781900216186
1.7620847741745642 6.921688209134187
-4.323380016058021 -17.92057083584333
29.71094876021602 -22.557878806124815
-26.34499450391621 0.2578341128378412
-10.093503296303616 22.46512076004681
32.157078303579716 -17.161063687577094
-30.493988110363205 22.870731524437943
-25.132757380760772 18.210472008855753
-3.522032712989393 -33.723047940611714
-41.57589135320003 35.80553698058858
10.493705526747885 18.19270468835323
-17.213116115915007 -22.752830597771407
-3.453396940108121 3.1019111055480675
27.164790859072838 33.196149306067085
10.719443690885345 9.254225391383969
22.74721292671247 37.00004178939809
-30.324544363893672 12.387259807476173
-19.115703960141964 -2.9294566655422027
-4.262713438553327 -6.814446630486017
-21.066572783052354 -2.7815118530305973
8.797212196137803 11.521955010843135
12.735439769359026 -7.186791120913146
14.53999766365797 9.820143164798303
8.816362155149193 -30.592311648563783
-3.390421475682974 10.120498588865708
23.118038618900272 -22.867406508690244
-22.577053869442217 1.2795976618992917
31.87769958124145 5.128808661201045
0.5917572236235671 -9.58227413895263
-11.71603849637497 5.214686573322751
-5.710372178175323 11.934572881213406
-17.263351115685566 1.5862583723840027
-44.1392805528818 21.100440378253754
12.899744317701007 15.279925761589102
4.453748230846655 14.458215300432585
-14.256661019208135 -20.193986814242486
-14.713077881988436 -37.287791622664315
-9.059527949041584 -8.402682035900746
-26.211790579739205 -26.47219819503809
13.029660448879898 -3.664298433854782
-29.766680319821674 -35.44197772989705
7.767297488879898 -6.889906556486814
28.88075134690338 0.7729103237989303
3.834120032461726 3.7242830601601256
-2.7120024365917246 2.9586341248469914
26.944804878893073 -23.58776260953916
-8.876004272681108 27.942586586024
30.312162809845837 18.20442313130748
-7.838016292131893 5.927432015263545
3.131491875392193 15.311167794161321
-40.75568248601786 1.681688300017953
3.3776145149216106 -25.192683598163804
-12.332626368173162 -16.298375838030942
19.668262121815204 6.16999573590331
32.69990448176266 26.882953207068383
25.41139880165953 -5.760106340955737
-27.486500850244568 18.934235051496913
-2.8874649940755575 24.54632852096058
40.032077662618434 24.83679345263004
-36.45521027834555 8.69440401879676
-32.47295804277466 -24.283093382556356
-31.737657085492735 32.580297279981245
32.17574227559322 -11.402603902913901
9.330949178616166 20.554527820567976
-12.170286476712644 -22.24317513387466
15.142921694282304 -6.986790783233829
12.77166500530102 -6.544105701260108
24.665955379925975 -38.08947082891668
21.494920504745906 -20.654859801861527
3.0191298150079504 42.43896328628312
-3.6425851215652827 -4.124975710457932
25.812204547101675 13.886935484894341
11.774556856419068 14.94563454918201
4.215134107650714 14.559705675809433
-41.77069433346296 -19.053526740837707
-16.869453184484357 42.61260796990359
17.25281024190165 -25.441288002149154
28.8222939331675 17.141882666677482
35.39926777107591 -23.526690494723994
-40.701963733217575 -25.988910408053243
-19.450235288735772 39.06706536865364
3.5340051763121316 -35.69760893614822
-19.796978443521198 42.19668104443021
20.463205918222606 -34.411597654022074
5.571549791667934 12.094997508525438
30.744236781808752 2.269724694576686
33.65063684588871 -16.986173360031295
6.86237561698848 -2.9539867726141047
6.036598640937768 -13.282769967656439
22.85022398177118 -27.03881965415876
-1.3179054873440066 24.911945554883815
34.301093931157084 -3.0853453131506434
-16.573926951077762 -0.21392682261098006
-19.749434381658304 22.963561705874305
-27.652582049401577 -6.746475977026286
-19.78655160922539 11.876808646988806
28.720694610077352 -23.548753771290528
22.987864502104458 -6.6214529734149785
-6.873368398315151 -3.9573693852817655
-7.165120102073794 1.899533503394295
3.1105555522263693 -13.142101843110886
-23.304342437350904 21.509886250386813
4.019962199844272 4.128841048013822
-9.160631326386778 5.576566690738439
20.0745208881078 -17.422861883109498
9.898840668008908 -23.787134397588872
-2.273113589736866 16.820180091461552
14.93838138926883 -8.938635938080616
5.5479179642700664 12.171920862432145
-9.600776623549308 -28.260411544762505
5.08482467052936 -0.9736165764169726
-11.774134366543171 -42.08402799471723
-1.3407478071090004 -35.79919134142014
17.521999389169267 -19.496643934086695
-18.410639585394627 -14.868801883540112
-22.01885977431357 -0.4827675516756855
-5.4721250224797044 15.222563948484286
-45.410801701321276 -6.3701824295964755
-15.092823922129412 27.55664070518716
-23.511314729080098 0.24263166358340982
28.92327910770905 -14.69831378284735
-12.13996506674603 -29.45554204251471
33.44105305154842 29.03819885445523
10.226733749162708 -23.75413845360618
-11.527268870600647 17.081139552907587
17.237582516873964 10.0448674377851
27.171304675804947 0.5063442238550664
-15.848548979390397 -17.702564332785006
-28.639887101743117 26.980227821492633
5.4180924099150545 -30.48866917327434
22.751946628996443 -22.578587918723183
14.303937220519792 -15.004126210959827
36.97282709084164 25.853651538490972
38.45828119073498 33.654386507882705
22.39179827565468 12.493763788771133
-10.633658715152013 22.67233672622249
39.126721976481775 8.396041676975937
-10.897145050888085 13.692328071809488
-22.859703754471294 -0.607945128678697
-9.378459510401662 24.34229783963052
-39.29575749129401 4.37765101937557
-16.366151997495738 26.718816492438066
17.864174668532637 25.623275602929013
-8.669057072760005 12.750791899129041
23.35251214404577 6.232201645602018
-36.83150110648077 8.962301883907067
-3.9562585089391433 30.56743013012911
11.171105270953916 -28.446891235151824
-22.667467347104143 7.527665800025389
-7.736400458022338 24.16280746835345
27.74606635193708 -9.002021213636212
19.37668287976295 21.85467103739761
30.800728156220288 -21.061365684901936
15.321672171431445 5.701332203846434
24.338841288339516 -3.7311423914807804
39.89639716929845 -19.178515569520584
-17.005479607747993 10.657685303186298
45.26133774049753 -4.2565896772461755
-7.348108963669283 19.430887909319026
-37.96484370527824 41.79897595884516
-38.5719989965649 5.40553831678233
6.466692657552436 -16.852081515854486
-9.660117115708633 26.09080596776117
-12.05837852462056 -23.605070486763715
-2.797625449419481 4.794624811008042
-1.3703101563985989 7.010489411548093
18.798415274175824 30.708911701544533
18.711583335458684 -38.68105300645829
34.07969701626573 -29.73747421381011
-19.488980652152115 -15.313153016332745
46.51912259729667 1.2886094858947672
15.910799203320408 -13.112283680127298
-8.618338053735627 -7.598810958750896
-30.199783111365324 -17.271053676898696
4.7274979419762815 17.706183529914668
-3.910105909200638 -1.4496021721224466
-6.78223693736021 -21.917256772305564
-21.683363952646395 -10.813295661473639
26.629027947900383 30.336199411143276
26.314847019910566 -38.88312477936758
-19.138595583131412 20.74634574050125
-29.06745635539539 -13.511169014515268
-17.952691968958717 32.71194410940214
-2.2929170620947996 -13.669386938144875
-23.66561085932498 12.39582535144353
-16.002635372909214 -24.86192926502941
-4.772661028709191 48.8775377106356
-1.2934074578431698 -21.84992765996844
9.612749675966512 20.295925922151014
-1.0464259122310342 -4.4011437318849875
-1.647236516009226 5.061209346088116
-1.8928256654970692 19.04000952633531
11.797327279367778 -17.885325490146684
-3.869124066801545 11.617636019744516
-22.58113117992675 -27.481950183103816
32.23628491280123 1.7112046002051358
-21.267455940634928 -3.454797653828452
22.629113424838128 13.89797760996381
-13.824085313325213 20.514816235838737
-18.177962783160662 -37.7218466040493
11.086868525668898 -45.61589787743042
-11.252708615600596 -30.668006586443084
10.585548344230197 -23.635044592859078
-4.50743870925335 -7.1508142379099695
-10.030561284520749 -40.83654938041491
24.25146565707547 -11.045295750248538
19.787274600812225 33.318521835344455
-31.82569217026249 -0.2831812130728828
-5.2664747648950225 6.2672663831740465
37.726265930259565 11.425673582372355
-7.160429957512138 14.76964810448822
13.346774711773222 40.49316333730425
14.098354819138322 7.1454514425674205
-34.13579530114744 -1.545240333065621
-20.674073833615076 -7.765721882560641
-27.74190585627136 -18.46087534258823
43.784086799656826 -12.94612455875447
-4.453308704336568 12.749398301274912
20.2729975306345 6.506433480738728
10.987234568041426 -21.206327420998047
10.094546872480514 10.009922695549484
-21.14220471224275 -4.389727210812808
0.861964501312702 -14.571800401890647
-4.231493295397929 -2.298931566880931
30.066068439482606 -6.395628021259995
-21.327488475203758 41.39378626426406
5.565063299341148 24.591144480492666
-11.740386435007672 4.31442549978604
29.75407517523005 -10.476823092365283
6.683389055566263 34.108527799866174
11.233508434277596 1.8237360557035842
-14.672398889740519 -37.26141168166841
16.427741191227483 -7.533977919271185
36.777521715482436 -42.884381848323564
-23.416043558974465 -14.199088878955891
15.503856220083346 -0.8023081788349415
46.03966329796634 -1.377209817763223
-9.149872691459894 41.37851686157117
-16.740420030893496 -27.427078081719326
14.718195459038022 -15.053385004907835
7.216122715386531 6.616032656202535
-3.6218789101430815 16.945966523927677
-29.64092804424263 17.38525708995228
21.650931028794872 -9.90732967254051
-37.30932862374922 17.346515619058675
-21.10377583438128 19.58647100076935
-5.248350548675951 -9.064474081923684
0.6778492821031641 -5.928285076450145
14.275177122556308 11.938924663661467
4.642625554644688 27.609555132664703
-4.844902232998319 -9.549190737470571
27.640073807818872 33.19807850885654
-20.717718624694974 -20.795215788234223
-3.7386559624712135 -43.26133144953046
15.08939846216894 9.554603892748291
-10.216415221568933 25.869226303293484
22.82147849433624 36.07599766890181
6.952859389662102 9.989862410967117
-5.817743439562101 -4.282466006925972
17.434751043355057 -19.73956695563122
-1.4938452428067421 -5.456181638695018
6.093365176530831 33.170023090827286
-24.421842909602063 37.34264753222912
-27.845131102730274 -25.355530643943343
-33.965892484328634 16.19972363262488
22.450040256222707 -35.68360729289146
18.770156945152763 -14.714272265312843
-6.984594642065204 4.804994010676921
3.240335944874243 29.896056303111123
-11.279448564045053 12.64338143354344
-0.2486047501419435 -26.003084944865297
-26.920451017059193 8.720651607570183
-5.19291276440261 3.525524647824831
24.696759049284573 7.345219820227761
36.338220018930485 -24.74787821905685
-9.656619745827946 -21.35688784212072
-3.921555488205204 21.402497454074666
24.51189230842865 -30.11182074450592
29.96169877163755 11.004394442917025
-11.427350306238125 11.747678857985392
-17.31813010830674 -9.303320845660458
-14.90815560050283 8.371866899028255
29.712747169317062 11.339643710983939
15.215195057326003 27.56118677930565
13.419635830328339 -33.699314824458874
36.221052040577334 -0.0025279069135670795
0.5033299833349503 5.990808476247615
-18.891829884364103 -39.79231714176202
2.9580002156675747 -15.39677289391869
-36.46374364395894 36.23307015710943
-21.42578393313518 -33.8755705343395
23.300309564654114 18.02924582593049
2.4766894421257426 -21.00036132965837
16.906750017443297 -27.606518984769913
-1.2773684946218324 16.35223709848686
-26.25644720303178 -12.934444078212735
5.995497863074402 10.803114245967706
10.538600617200668 16.9308522549063
-8.192103843604528 -0.599019858290859
28.87108876444502 28.220165445715963
-8.015319570763966 14.825534338267815
-13.591158242283694 19.355173135177257
-21.51568608943373 3.923768089907604
-20.39917054118787 -35.180980080299506
24.98663856489149 26.222658753535832
-19.151894265959893 1.6909135561236042
-27.97091402313119 -14.316940437858541
6.552560247268808 19.694915591245923
-30.089292927335755 22.033839162601996
-7.346114345996238 16.21363233227195
-33.02436509373606 -32.702555488708505
11.31950573572555 -4.4062499187900315
-4.427501305038909 4.249573471730976
10.253202880134886 5.1281083870084
12.786267385592573 27.67809808581665
-11.566000506677195 24.861471335972112
27.289947263632747 32.324233599408956
-3.8418188915320357 19.667279202319552
-11.90658857308982 -4.445613766000861
-18.178476596351754 7.7709897866451705
-13.743569735660834 -4.648968878503497
-20.1282472754752 -0.4118686329714407
-5.865503451908626 0.5671554199588034
5.828644599530449 13.549752216617271
-28.88234374469481 17.014722420353138
-6.53914236391039 4.246456215506505
-30.05186764713722 4.062991053579935
-7.488735783058395 10.371417415767617
9.01726745288002 12.260235211029602
-7.795059561818807 20.476296291749712
-19.23356666601841 32.84846444012014
-12.491918240077815 -35.42085915231872
-15.996552113342396 1.1875777863293404
40.17741094803041 20.016338062168956
18.33079671680395 -36.08169468303498
-31.33418822318098 -14.92915533449711
-1.8631273414605545 8.629431546676663
-29.816310661558653 27.62655552765043
2.573533732711759 5.915319262595089
-12.773783312402925 21.093522221896215
1.8990990046497345 -2.0042777390061417
-14.724960624826203 5.975369925828176
3.359886255385163 23.591208266903372
24.714598523325108 33.40343044866388
-11.606288349180046 -44.035788538875025
-0.2329451123064601 24.347369442805565
-21.39035801397937 20.571939208451084
10.995588564853591 27.803046109859977
41.69902995861892 3.0339169783675786
-7.352278736032204 -21.27058310206087
22.633838379886985 -11.512769077338273
37.457830793232866 9.183677150037887
25.672396779359573 -1.9236469927658106
41.470917561814915 47.68324617995479
-3.8918775887320614 -8.790248444758113
23.592273005387362 3.5206258138967446
-20.89491769050671 -36.57058746757552
20.0026615979868 3.81723549107663
14.171716073131734 19.583602592482503
-11.954091515906754 -1.2436715564288434
-9.4889903292278 -33.578792902733625
24.857542918248733 -35.76820819696636
4.232732251092628 7.243966674684835
5.760517578499815 7.205936697577268
6.964842425494833 41.01704932151968
6.799198887903692 19.41412664999936
-22.98014568089132 -0.1327856259783644
23.630240367418693 -16.295956091009984
-3.298931466640365 -25.923573704973066
39.43841481246541 -1.331737133655004
0.4213529513053089 -33.967732543389346
-9.753549848526966 -9.134877049786503
-22.948739874267552 -3.680371966156912
13.092218670621818 -27.80435135470737
-32.52782835311397 11.582026190494542
21.762599336569124 -13.99884778148355
17.742241324067756 0.9051319121838652
-48.385949363145386 1.0692666611385988
5.433756432355416 14.882325585303931
20.942103397585434 12.12604917352359
7.674317559319711 -2.942122793122472
7.516951213239768 -10.625085481532615
3.2688393770755937 15.568531200295894
-10.0954265441509 -3.024937856358509
16.802605843748864 -2.2055280577725043
16.860455120798918 22.057881250669148
-15.390267691126251 -22.801920799392256
-3.653542736084505 -31.62764629890193
8.320493019834771 -9.12857258968058
6.40694429951418 5.500579782721285
7.469619790870237 13.94254489987356
-30.36532014433123 45.02923239393115
-19.74496916299178 -24.709492286564583
14.279533868348196 13.794847084574783
1.4136572824241291 7.229134165858298
16.791271015973656 38.403391543656625
23.483009787724598 -22.490309535881604
17.3344318388607 -19.28167162994754
-0.30863899235922787 18.402423006271082
-17.092226048633577 -9.301859311271649
-9.617061846489756 -0.34171441590309826
-4.774832046546784 -6.141555235165569
22.550283648346493 -22.112111278483404
24.249194118555195 -24.762154903551203
9.785700541983797 14.637283225841188
7.092099283016459 0.29048442283532694
19.863308546459912 7.402571771682833
33.581465764617 -5.1575611964917485
-7.3941479974743185 -24.78323719165408
-12.791754836891744 -16.268774822526733
18.793653015104788 3.2384800657478507
-4.665515494925837 -3.311293604473388
-3.3576339583628148 -15.37605182319078
-34.200137995468914 -3.140043280893977
4.523090641426613 9.13550582969383
6.41722305186471 13.686629926013232
-16.9483063243927 -20.05770927368995
16.619845671521844 -16.00331486697948
-9.587282301349985 27.32284705860664
5.678053342567601 -25.002166595700594
3.7863408277977975 38.2313139752852
-5.196444448299204 -26.811724414932137
16.57749222993983 -0.6112208956304248
-24.087186684127865 30.52872601832805
14.285751860791876 2.228555219264308
-26.098667769708413 -18.162706048322516
-12.786737126072794 33.957938640666676
-19.724848187402962 27.530301897466565
2.0625268763083655 -30.915149009780734
4.85215470466737 30.94882956510684
-10.689364798399922 28.852192892417257
-21.544593603578612 -23.383821763913502
29.492879270499344 -28.460107620030115
3.9169703864619763 21.136503049749535
-5.241250171120512 10.728839900568538
-17.701846131362448 -37.75055627500444
27.135529341043828 2.681884532933534
8.217976353922165 -1.9145650074920226
4.001762009570896 39.897186542120146
-9.74653048661888 -5.10359904500995
26.215270144357998 -20.663299378055278
-16.751243998070134 -18.183094009966617
-12.214620051338041 -31.449609010003815
15.36810564300431 33.13486453489242
-6.603122842287412 31.668778047892644
-23.48755122516385 7.237696218266819
-0.4435011329988292 -18.738678455980164
-21.45414108227224 -26.44133982101788
0.4867304733036897 21.662692896204096
-1.596897826088103 -29.51995303555899
-33.65314030255364 -38.89651838833933
-23.51371822924869 -35.71864598549006
-24.26341371464943 8.19772047879545
-40.22757399586459 12.085792544065477
-3.522368526202605 -8.90316532318947
19.306206310296147 -14.294625550509611
-16.421255099404327 25.615296258267996
-11.81312277158089 -4.244529506323184
36.46254967827163 -7.689887335371349
-14.039093762424374 27.492345794147695
-6.576604478400043 -5.908548066227521
5.952236311037858 13.314539219344915
15.96048277434857 -14.757989556932046
-8.31882098824645 15.267903259163386
-20.92792024200199 -32.10473720804313
-3.3042641345806363 7.458221000052902
41.74865739110111 13.791760012514697
-12.040813916350267 13.70314701047355
-20.552113513841693 -2.1025958164041363
39.031024505116484 -1.2760533318602176
-9.523892211468908 -35.51747804605936
6.234875863184378 -18.803094449854914
-25.768760887034183 7.6203563551738185
18.658096938113907 18.246367907690292
-37.458014440972036 3.327136257261685
-22.723302300903413 -27.562541427836898
15.965258673557962 -12.351392381790571
2.6632648511180292 7.87515641218803
-1.0922994149344802 15.341609570471139
-10.246052019158315 7.795790917220916
-15.72058971145259 2.8165320304823744
-35.14310365555271 29.808007950418784
16.9218607904931 2.7944290384793966
22.937707537840463 11.413030522454138
20.15569618124517 -21.716486488443273
12.979799561039187 15.467402870837653
2.5853675139285066 11.301370720691985
-5.169881135375977 -8.594545864063853
-6.349603827666737 -25.13658055609455
-17.375324602131734 -0.2669862127458593
-7.771870001628088 -13.412192813477978
-10.357979284416768 -29.105600512513565
25.465762653697382 20.353115806963313
-6.475515214144895 -15.700311849365992
11.633277568634696 32.28028001143443
8.213574121018432 -18.86691413332403
6.244390003560028 -9.169884434577124
-8.212256812448873 -17.802451936518132
7.00913747347888 -8.266637688240792
-44.23063869222779 -8.452139525951033
22.66064609145715 -22.03484049498466
41.74893095914887 -8.830304158934993
-30.905877903812772 -13.140057585715752
0.000135797102487345 -45.677036115356856
9.585564815300707 -31.72099964474122
0.3175559524204452 21.414726642779424
31.46302902679492 -14.641613365238037
10.503601865313847 -17.71209862233806
-23.951728072872385 0.49996375259643777
8.079725361026519 3.964618630384294
-6.775070527402189 -19.8425019425393
-24.80737640365649 -27.562469621538348
-23.70126362979328 -11.41898503200396
7.397590656044397 22.074587423370723
-9.358553397957017 -4.70177966862687
1.8479714124237603 -28.32619192307706
-17.632898400118577 -12.710440521436805
11.714560278569222 36.37039048250335
16.928266346523223 15.116243723384663
0.8057811931545658 22.739712196779884
-0.24374685884373548 15.971295800171376
12.224594269340713 31.787391415642713
32.071804399776376 18.914474826706364
17.097933266624146 -20.415845291565834
3.2800189277392633 -31.87766385403731
8.795518420577867 7.586853848153382
21.220334109096427 2.18772195698555
5.334212681701619 -18.943292372005725
-4.210766607754433 19.87739478738368
19.67612716158832 29.290917181448528
-28.036233377263464 -17.319117122116115
27.304799786410598 -27.778513767268322
-1.7113280157697313 -21.095250205170586
-12.079749461203171 -32.78088614178456
5.67995010114786 31.749651702548512
-17.37217012156323 -19.412190194391883
35.94331797177061 7.899320102070028
-10.90928862042 -41.05708315431778
8.655967395813132 -40.41695905528718
32.258892208553505 -2.7547892452721703
4.6181474014450785 -40.904429471356735
20.512826655821932 -31.72568094847182
-18.878900091202574 -1.471490599009968
1.6005647086829669 -20.018590857022076
-17.65629809465827 -9.868091437357553
6.107404401686097 28.09226084674328
13.895693139772254 -39.77477520731847
5.255705350986357 -0.5597819986481305
-18.7824561022029 -7.231333547824235
-22.923199473919233 -6.356949365444869
-0.7294905422166238 -31.966789592483906
-19.22603685456091 7.301161938778531
7.0492719149879335 -32.0852068203478
-12.09742093069751 32.855004971474514
-0.22546927585743504 -8.673672561214461
5.471266040153633 -22.546540422438007
-11.077946243137436 -27.52555950716057
-23.019042271307725 -4.832139620104968
-7.607291139955882 3.2614095473211506
15.848605130645097 19.40738831932503
-22.48592851725124 18.141901754398354
4.489792906615952 -21.46995730486219
14.44260904052512 -23.72028725835388
-3.7213156823567104 -16.044767640445826
-3.7461272173853715 -8.618662012182313
-30.629393262138098 -31.055013847639707
34.63408195373496 -0.8467700694329103
-32.86500014576676 3.8548185205817385
-11.975878417521042 22.369072557937734
-20.60645902166316 2.105416962821593
-1.255925607751312 29.911544286131047
7.469436937630114 45.52325836454568
-41.43470687404813 21.802012355947163
-15.90926373359417 -24.73593707634405
21.348591712479518 18.969370143485733
-21.449756186009562 36.43855044464487
1.1581434371711126 -8.834441566611204
-43.90841736309982 -14.566672106238412
-5.949063246059003 6.2001896188352195
5.315413147093615 11.887100694959045
-20.861284101999676 2.863369401732289
30.878812817360938 4.786736787654959
-2.821365382300389 -6.14800406003468
-0.8422216353267711 -22.04248060659171
-24.5979050516631 -46.0468007718886
13.722436243019537 27.31482680434594
-24.486187900985826 16.7782320102533
16.995097195580875 -8.446462503482401
13.921575001654528 -5.564230575176751
-31.11058875717498 -22.387764058879014
-41.42166049840358 19.025839337843227
15.713173273026378 15.114622491123981
-39.94908122357034 4.390683531974542
11.13754982813355 -2.6121552394551593
-13.94064846170837 -25.65470317238957
35.53851468346327 -14.26252497861346
27.756577908476736 -2.680583976847604
-21.49524589743171 21.016937444260734
28.310000681646883 -18.318800977395153
7.1313466158178755 3.9362285482377493
-34.403641868732116 20.14999889375943
0.355219360299877 -8.739162871363849
11.71108836803809 -36.76891558441949
7.698132273551124 4.597784884580669
16.264841349207103 -23.46333353500461
3.9161331616464423 22.929081438188256
0.37720695046413155 37.591365206334075
38.42780241288095 3.192320027675951
40.92789697152824 -44.28785191767726
26.623641709969718 29.774436281108997
-9.865554604402679 3.7244819616955596
36.43910429297651 -18.328185115850285
-22.36146779691604 12.978760488001939
-41.332032555301566 -6.755992278299157
27.438451104283565 36.80016772831569
11.250884624453313 -7.01720640524942
26.31119548238898 1.5815557310747366
-28.103733294393233 35.608062180589066
12.406039730737131 17.974394137199596
-6.809941216533936 -10.49576009010789
0.9376063536059505 -41.1258654582615
-36.0941880197919 27.14351330863424
29.0864182617222 13.13301054493376
7.453950529388903 1.0115625644135449
-18.60920071083494 -13.627237290141931
21.576812991078477 -10.179933372919656
-7.796592262961614 6.125210566240895
44.80376898826808 -14.791428793271663
1.9688214633300198 11.905325136483821
-23.150869064795685 -26.858694134508998
-13.524188665164875 41.38460414086168
-23.96403819823983 21.27561876664404
-6.890987102431087 -2.0185863952482204
-24.033991694782998 25.30651307299839
33.06641369344627 -10.828943457725984
-4.180432734784127 -29.022933922195534
-31.54288845702312 4.793814392393902
-11.846051208917656 42.525299528391066
13.853477698117128 -12.864879759435484
-20.738034438846576 34.170606097177426
20.524208191675257 9.363761629503692
-14.420478293819805 -8.283412296435639
5.393103991410129 8.342599618872265
-45.17545785262842 -28.909447103766183
4.131710601284031 -26.815202279501985
-35.16576630477091 4.405320480265079
-5.372928214131974 -7.472224740779858
-13.641494928982937 17.85674413888578
-38.60596941602553 -1.376334067742043
-23.654096709714825 0.7806442458308369
23.027728688993676 24.804841629233046
-12.892433419423345 -34.80787069627407
14.367626113092996 -19.860461491466356
-0.8815214364089954 41.96514356722782
3.5885215620793005 -7.718418605672291
4.9681134910171565 -0.18996365596743914
6.774326477992059 -25.00974052355733
-6.51564768578784 -3.093509345886286
17.627360990712297 34.7750716217834
22.01399506260362 9.152444342616082
-23.523213098063607 16.152190058434286
-21.371297233995364 -2.0984490856396656
-5.357670128815538 2.9811120169204983
39.64218158737615 21.309048542793636
-32.893168673612266 8.350120967774416
-2.0866831556448204 -45.11067529460853
17.71093267440221 -5.432825250075322
2.4976808185373898 6.447170858100478
27.656036303886566 -2.5279571670986627
4.092950142315798 -5.0026517595342455
-3.8960270011139233 -9.185589213839343
-11.084267900315204 -38.97236447393076
-22.30939574812482 -9.83830083234724
-2.1132612979110377 11.795574607009772
-16.836243900372008 10.649193927214206
40.66809900953871 -0.8173238616998546
-5.163564722025673 11.192552523472468
-19.65305532798744 40.84084211374665
-23.278999258909348 28.7787109240278
-11.465009482401221 -7.649748879720036
36.68632162703563 -21.361214722644668
-6.221085661775959 14.888634384487375
-32.48347504631701 -13.893484540264378
21.853732314888283 -10.903764701949065
32.1766227598753 0.57030886434503
-4.982380385619436 19.935444686488662
-30.246405864221686 2.4508501733574803
-7.264144344474175 33.47476376534034
9.634518542178618 34.43588281448021
-11.660168371828664 -29.98317905963459
-9.524220878995095 -16.203267213789864
21.61919256111302 23.162735950515245
1.8629837519528678 -15.792518010758911
-34.15530160353174 -10.203675601882367
-26.096635539745037 14.086518772472978
-26.229762732428924 13.095818073587708
-10.648554946694897 45.05218666842069
-21.045238409483076 24.548959768277925
-14.94629419510029 -0.7336634185630047
-2.35725285900493 37.6332503054328
14.14002796603215 6.824482891870645
37.005689245286725 23.48408294416643
-25.254349600716647 6.501933319439413
15.68433238167664 7.172190810474859
15.217702622935626 26.37733566535028
-3.9041022765031386 -25.274558854944186
31.268267333116988 9.228276589824048
-4.6562725241168845 -1.7291672325667733
-6.6278504712074495 -12.515717193019622
-36.73147651793443 -23.370820215650838
1.178621108356225 -16.177618250339545
-21.137790097154856 22.34261325835204
0.4391169617044497 24.059866947587118
2.6792079840490146 14.599934899895675
-2.7502988441508265 15.579919013370947
0.9898183266971188 -30.641552624326074
39.39629958195539 27.770371450656093
-24.816494892438037 15.784039915147794
29.258628309747323 -9.655349613295567
-7.614840487928259 -10.434200435454922
-14.579826084266468 -34.22554952883959
-8.791796821486813 4.940221599740454
-17.284610460383334 1.225251978261463
20.161099082138797 -32.14100044068256
2.536392866941476 -30.18596402553627
20.92706195389332 -16.184275514861383
-5.829043370433794 22.413347639609043
-27.42058296936768 15.889006990970628
-0.7049624024727486 -8.868522387634904
25.830074169861277 -30.184601379845958
-1.010609538233325 -2.3114083643406813
-10.158203400600314 19.589845750637195
-40.76891471594477 -9.057212836840659
39.417833930054826 2.871416197419016
2.579624953606519 33.37157071849753
-8.338823047955216 3.4919312091229404
-2.086072767624202 26.363353773015525
5.830489294925137 -19.565648038239633
22.8627364986505 -10.333618558384055
-22.800948113317773 10.297169212326523
19.68196059444582 -2.574423150731292
-4.924987056052117 -11.844428100397725
33.26058610653613 -38.49071800282075
-12.412288842478453 2.4761266347225757
24.138311236522846 -8.442005709749711
-22.498850581912087 -30.936980553558648
-17.494868096960253 -5.775153978571481
2.465843535734969 20.83222492415974
26.85177461743079 5.820440578950624
-4.355383210208039 -20.787303889125027
14.551932037970033 16.894638393254894
6.058862561375889 -22.980789390903833
-2.321399313953492 -13.030900730111185
-4.393455716650003 -17.291411093672938
-4.037568203681706 -6.881629028588733
6.782573878507463 -9.304163482582585
-7.017808198236793 -6.386671409118742
13.37713966202734 9.219452920590385
-24.27973153770698 13.426919936041962
-26.636459734084088 -6.560820868113744
2.565049841426127 -11.154792690198306
17.778464649572086 19.844507323285466
5.152479694212365 -20.223379333236913
-13.177512923372717 13.116858591759659
24.143191801714494 -31.301703405341705
-25.592730550673735 -4.239279688236039
-5.772405761671486 -11.920503754455815
3.1971291204755694 -6.473183794436551
9.523777283994743 -21.250346455413183
-13.189435299159257 7.173857938898728
3.966049051487131 31.551419401556764
6.448612967997633 29.102152042167255
28.243374999032795 -34.56944387111881
-42.803530659620584 -18.14884760059216
39.33068214115007 18.76540712035741
-1.5122109378140691 7.005322026876662
-12.947429321442343 33.29983154081757
-28.19391548524458 -22.12242393178827
-16.894043814946546 -19.703452155928012
24.736944476029834 -22.524790627848965
9.157317488785594 -6.556149900941829
-15.203435355866855 -15.884336717435986
26.98240004646629 -24.597508677692385
18.03964462939888 19.780833117991676
8.61644875298553 -20.39554666192594
-2.9225710433701266 2.7806363086370816
-19.399764062017617 4.951394175715855
-1.3252256080051126 -11.055696894401358
34.189861565552086 -1.0901992942669771
41.22155663617503 -9.25478652345776
-46.27537319906028 -4.055000658260351
-11.020083895157736 16.554884226601963
15.589811733249824 11.77298720029151
7.540319012959003 4.617282600082529
3.0328163653529714 -21.034816199688144
-30.156117094950947 -11.12448604743053
5.708023654310626 3.227839808567335
42.90440586318011 30.245044200496814
-4.948811370003245 -8.964036978586478
-19.5166741456593 -0.3376216328074122
33.66066026239758 22.430684020028565
9.611158384819696 21.57342594036598
-12.84843048659883 -6.583739417579725
-18.548749933191736 -13.95499983570797
-5.604199147762493 21.30837774399879
5.995994425593679 -22.7054628154892
-5.177443909646793 -39.9645899168659
19.824786524453962 -37.117798069426215
11.830757002886322 20.742540041925608
-15.864945266361689 3.593128286485893
-25.100330263234664 11.734010953776973
11.26603554369946 -15.87468747893913
-0.815346495802185 8.126288295502881
-14.418890254506177 27.15364645526884
-22.959627724271108 13.787701686123313
26.284582693879713 18.72182365420901
13.823031829222153 16.712417176858132
-35.2176167192506 26.11296516668945
40.67487110044832 23.625876635209217
9.144254378991654 4.665718835651987
17.353894339545622 -6.057276912677935
-18.949514020264836 -8.644619621013355
-41.437784130695704 21.342440008192362
11.693042595320776 1.1254118923601002
15.541654908981805 -19.000225381579167
-32.453561388005454 12.121104152203763
4.55201956321506 -26.78362894186153
23.3557372946443 -9.919366316053559
-29.67040983144811 -1.0234495046049616
5.436394040505117 14.699226806230214
1.9568443637835031 -13.662375461536218
-6.614411261441589 -14.03120108678656
17.303984897689137 32.07432596208119
1.0749060934709682 5.891660125503089
28.231094102985324 -14.209304851052785
-7.82732012714154 -5.395233351435674
15.038231387557516 -0.626135584670676
43.82629501820727 -13.81245675896231
-21.494514839244452 36.998314575577915
-47.62193872423178 -13.195517860708001
-21.46789836718347 -0.20117341756627027
25.43103248772629 33.30286860703882
6.902176753866948 -24.862039355514547
19.126582939917483 -8.828994205219928
6.7093512873118755 7.932543888960108
7.533775893165359 2.189890712584649
-0.5352895561520548 -21.684866319960147
-15.626089490128932 -1.109001663549158
16.000617024480256 10.716826984992899
-30.380535986841164 -36.69177705459145
17.728963365329353 -39.18655730029407
35.20967016012639 8.136457351143491
-20.354194808624413 -12.195646111196012
-1.7655632372834047 -33.239807159246155
-1.5876039616774058 -7.778302392366914
11.1622248724576 7.699436567549874
-34.627963666402295 27.668821387391723
20.652670650259715 -25.559679803511507
-16.527252249848456 1.086625874508563
9.016537148821492 -13.824963004545438
9.991051801799742 -33.28396682388283
28.22773372070189 33.662408432545135
37.20915174545235 6.829967619832429
-42.41126891736736 23.712900606446844
-2.052214291553918 42.376478311480774
22.15209512138499 11.731321007669933
-46.83839814448982 5.614517052963691
9.579647539979788 11.945178876316298
5.6793109092912175 -10.094205295722261
-17.363124225479243 35.64652269574149
-15.194754480359997 21.578821232957676
-18.949298341948943 6.156513173822642
-8.893934032003639 11.438504586794025
2.0930199830748393 29.459367510100762
-25.308212914846862 -21.376409586255658
-20.551611281702225 -11.818407218046874
-9.483500298584037 -16.7523581450384
9.356860957862857 14.5375916891335
-7.974913886735507 -3.826531784267509
15.474658404651983 -25.420765414967107
-26.972464685360418 27.579735542847096
3.843812266296453 7.287756237379718
26.411739779509748 9.22462986862648
14.444907453738825 5.463095835374244
4.6409376348632065 0.9724140337358449
39.40306659818972 3.848521057592457
33.28773164762909 -5.357931088817242
18.09566567046028 -49.68277643733155
2.9251286375684984 -4.0009278885950526
-25.29127751530442 5.602388401652325
-18.894015421414565 -32.80839351574199
-7.554494358220939 12.024546541574033
29.88768947023833 -34.83507118544672
-25.11563784838742 11.919035250399176
-15.52422907845806 15.8977177884614
-9.015721065182476 22.123619904288972
-28.048898191030958 14.584263575967405
21.626505583231456 37.268881843277306
39.96869685139787 29.163236930553886
28.55743214201479 20.005681991752738
2.0982347210864205 -14.687933528865777
22.196862064978454 22.004489582966123
-24.923184033400464 38.39385208557521
10.3782066362106 -26.337613610300473
16.481202919876274 -12.100930558798392
16.15579399919626 19.32332562090223
-4.929263829201847 9.921571548991977
-3.0248452817757467 20.1926579970223
